0 0 0
0.0975 0.0975 0.05
0.19 0.19 0.1
0.2775 0.2775 0.15
0.36 0.36 0.2
0.4375 0.4375 0.25
0.51 0.51 0.3
0.5775 0.5775 0.35
0.64 0.64 0.4
0.6975 0.6975 0.45
0.75 0.75 0.5
0.7975 0.7975 0.55
0.84 0.84 0.6
0.8775 0.8775 0.65
0.91 0.91 0.7
0.9375 0.9375 0.75
0.96 0.96 0.8
0.9775 0.9775 0.85
0.99 0.99 0.9
0.9975 0.9975 0.95
1.0 1.0 1.0
0.9975 0.9975 1.05
0.99 0.99 1.1
0.9775 0.9775 1.15
0.96 0.96 1.2
0.9375 0.9375 1.25
0.91 0.91 1.3
0.8775 0.8775 1.35
0.84 0.84 1.4
0.7975 0.7975 1.45
0.75 0.75 1.5
0.6975 0.6975 1.55
0.64 0.64 1.6
0.5775 0.5775 1.65
0.51 0.51 1.7
0.4375 0.4375 1.75
0.36 0.36 1.8
0.2775 0.2775 1.85
0.19 0.19 1.9
0.0975 0.0975 1.95
0 0 2.0