0 0 0
0.05 0 0.287625
0.1 0 0.551
0.15 0 0.790875
0.2 0 1.008
0.25 0 1.203125
0.3 0 1.377
0.35 0 1.530375
0.4 0 1.664
0.45 0 1.778625
0.5 0 1.875
0.55 0 1.953875
0.6 0 2.016
0.65 0 2.062125
0.7 0 2.093
0.75 0 2.109375
0.8 0 2.112
0.85 0 2.101625
0.9 0 2.079
0.95 0 2.044875
1.0 0 2.0
1.05 0 1.945125
1.1 0 1.881
1.15 0 1.808375
1.2 0 1.728
1.25 0 1.640625
1.3 0 1.547
1.35 0 1.447875
1.4 0 1.344
1.45 0 1.236125
1.5 0 1.125
1.55 0 1.011375
1.6 0 0.896
1.65 0 0.779625
1.7 0 0.663
1.75 0 0.546875
1.8 0 0.432
1.85 0 0.319125
1.9 0 0.209
1.95 0 0.102375