0 0 0
0.01 0 -0.00970299
0.02 0 -0.01882384
0.03 0 -0.02738019
0.04 0 -0.03538944
0.05 0 -0.04286875
0.06 0 -0.04983504
0.07 0 -0.05630499
0.08 0 -0.06229504
0.09 0 -0.06782139
0.1 0 -0.0729
0.11 0 -0.07754659
0.12 0 -0.08177664
0.13 0 -0.08560539
0.14 0 -0.08904784
0.15 0 -0.09211875
0.16 0 -0.09483264
0.17 0 -0.09720379
0.18 0 -0.09924624
0.19 0 -0.10097379
0.2 0 -0.1024
0.21 0 -0.10353819
0.22 0 -0.10440144
0.23 0 -0.10500259
0.24 0 -0.10535424
0.25 0 -0.10546875
0.26 0 -0.10535824
0.27 0 -0.10503459
0.28 0 -0.10450944
0.29 0 -0.10379419
0.3 0 -0.1029
0.31 0 -0.10183779
0.32 0 -0.10061824
0.33 0 -0.09925179
0.34 0 -0.09774864
0.35 0 -0.09611875
0.36 0 -0.09437184
0.37 0 -0.09251739
0.38 0 -0.09056464
0.39 0 -0.08852259
0.4 0 -0.0864
0.41 0 -0.08420539
0.42 0 -0.08194704
0.43 0 -0.07963299
0.44 0 -0.07727104
0.45 0 -0.07486875
0.46 0 -0.07243344
0.47 0 -0.06997219
0.48 0 -0.06749184
0.49 0 -0.06499899
0.5 0 -0.0625
0.51 0 -0.06000099
0.52 0 -0.05750784
0.53 0 -0.05502619
0.54 0 -0.05256144
0.55 0 -0.05011875
0.56 0 -0.04770304
0.57 0 -0.04531899
0.58 0 -0.04297104
0.59 0 -0.04066339
0.6 0 -0.0384
0.61 0 -0.03618459
0.62 0 -0.03402064
0.63 0 -0.03191139
0.64 0 -0.02985984
0.65 0 -0.02786875
0.66 0 -0.02594064
0.67 0 -0.02407779
0.68 0 -0.02228224
0.69 0 -0.02055579
0.7 0 -0.0189
0.71 0 -0.01731619
0.72 0 -0.01580544
0.73 0 -0.01436859
0.74 0 -0.01300624
0.75 0 -0.01171875
0.76 0 -0.01050624
0.77 0 -0.00936859
0.78 0 -0.00830544
0.79 0 -0.00731619
0.8 0 -0.0064
0.81 0 -0.00555579
0.82 0 -0.00478224
0.83 0 -0.00407779
0.84 0 -0.00344064
0.85 0 -0.00286875
0.86 0 -0.00235984
0.87 0 -0.00191139
0.88 0 -0.00152064
0.89 0 -0.00118459
0.9 0 -0.0009
0.91 0 -0.00066339
0.92 0 -0.00047104
0.93 0 -0.00031899
0.94 0 -0.00020304
0.95 0 -0.00011875
0.96 0 -6.144e-05
0.97 0 -2.619e-05
0.98 0 -7.84e-06
0.99 0 -9.9e-07