0 0 0.0
0.05 0 0.31224989992
0.1 0 0.435889894354
0.15 0 0.526782687643
0.2 0 0.6
0.25 0 0.661437827766
0.3 0 0.714142842854
0.35 0 0.759934207679
0.4 0 0.8
0.45 0 0.835164654425
0.5 0 0.866025403784
0.55 0 0.893028554975
0.6 0 0.916515138991
0.65 0 0.93674969976
0.7 0 0.953939201417
0.75 0 0.968245836552
0.8 0 0.979795897113
0.85 0 0.988685996664
0.9 0 0.994987437107
0.95 0 0.998749217772
1.0 0 1.0
1.05 0 0.998749217772
1.1 0 0.994987437107
1.15 0 0.988685996664
1.2 0 0.979795897113
1.25 0 0.968245836552
1.3 0 0.953939201417
1.35 0 0.93674969976
1.4 0 0.916515138991
1.45 0 0.893028554975
1.5 0 0.866025403784
1.55 0 0.835164654425
1.6 0 0.8
1.65 0 0.759934207679
1.7 0 0.714142842854
1.75 0 0.661437827766
1.8 0 0.6
1.85 0 0.526782687643
1.9 0 0.435889894354
1.95 0 0.31224989992