0 0 0
0.05 0 0.18525
0.1 0 0.342
0.15 0 0.47175
0.2 0 0.576
0.25 0 0.65625
0.3 0 0.714
0.35 0 0.75075
0.4 0 0.768
0.45 0 0.76725
0.5 0 0.75
0.55 0 0.71775
0.6 0 0.672
0.65 0 0.61425
0.7 0 0.546
0.75 0 0.46875
0.8 0 0.384
0.85 0 0.29325
0.9 0 0.198
0.95 0 0.09975
1.0 0 0
1.05 0 -0.09975
1.1 0 -0.198
1.15 0 -0.29325
1.2 0 -0.384
1.25 0 -0.46875
1.3 0 -0.546
1.35 0 -0.61425
1.4 0 -0.672
1.45 0 -0.71775
1.5 0 -0.75
1.55 0 -0.76725
1.6 0 -0.768
1.65 0 -0.75075
1.7 0 -0.714
1.75 0 -0.65625
1.8 0 -0.576
1.85 0 -0.47175
1.9 0 -0.342
1.95 0 -0.18525
