0 0 0 0 0 0 0
0 0 0 0 0.12 0 0
0 0 0.279253 0 0.240523 0.00964178 0
0 0 0.453786 0 0.665688 0.557362 0
0 0 0.453786 0 0.951701 0.956762 0
0 1.18682 0.453786 0.637046 1.15586 1.34828 -0.171633
0 2.44346 -0.349066 1.77151 1.09864 1.99673 -0.612265
0 2.74016 -0.349066 2.64417 0.642011 1.4614 -0.8061
0 2.98451 -0.349066 2.88851 0.32523 1.10207 -0.900384
0 3.00196 -0.349066 2.90596 -0.0179666 0.728072 -0.948621
0 3.01942 -0.331613 2.92342 -0.568476 0.176659 -1.01622
0 3.01942 -0.296706 2.92342 -0.667929 0.0801784 -1.02843
0 3.10942 -0.100000 3.01942 -0.667929 0.0400000 -1.02843
0 3.14159 0 3.14159 -0.667929 0 -1.02843