0 0 0 0 0 0 0
0 0 0 0 0.18 0 0
0 0 0.0523599 0 0.225206 0.00542265 0
0 0 0.122173 0 0.359185 0.0432191 0
0 0 0.314159 0 1.03019 0.555619 0
0 0 0.314159 0 1.25706 0.738544 0
0 0 0.314159 0 1.38977 0.845538 0
0 0 0.20944 0 1.38977 0.845538 0
0 1.0472 0.20944 1.0472 1.38977 0.845538 0
0 2.72271 0.20944 2.72271 1.38977 0.845538 0
0 4.2935 0.20944 4.20623 1.38977 0.845538 0
0 5.65485 0.20944 5.56758 1.38977 0.845538 0
0 5.65485 -0.122173 5.56758 1.38977 0.845538 0
0 5.65485 -0.122173 5.57631 1.91654 0.654411 0.382742
0 5.65485 -0.122173 5.57631 2.32117 0.507604 0.676734
0 5.65485 -0.122173 5.57631 3.23733 0.175211 1.34238
0 5.65485 -0.122173 5.57631 3.56944 0.0547198 1.58368
0 6.28319 0 6.28319 3.56944 0 1.58368