0 0 0 0 0 0 0
0 0 0.0872665 0 0.175192 0.0350973 0
0 0 0.15708 0 0.419854 0.1247 0
0 0 0.279253 0 0.614311 0.221763 0
0 0 0.279253 0 0.984306 0.479213 0
0 0 0.279253 0 1.23394 0.652912 0
0 0 0.279253 0 1.34538 0.730456 0
0 0 1.71042 0 1.34538 0.730456 0
0 0 2.20000 0 1.34538 0.730456 0
0 0 2.50000 0 1.34538 0.730456 0
0 0 2.95762 0 1.34538 0.730456 0
0 0 1.62316 0 1.34538 0.730456 0
0 0 0.663225 0 1.34538 0.730456 0
0 0 0.244346 0 1.34538 0.730456 0
0 0 -0.226893 0 1.40995 0.768815 0
0 0 -0.226893 0 2.07416 0.375743 0
0 0 -0.226893 0 2.56066 0.0878229 0
0 0 -0.226893 0 2.57758 0.0778083 0
0 0 -0.150000 0 2.57758 0.0500000 0
0 0 -0.100000 0 2.57758 0.0250000 0
0 0 0 0 2.57758 0 0